 281 221 376 281
 358 134 455 193
 264 191 332 281
 277 132 359 217
 294 115 388 198
 358 71 463 148
 435 60 543 124
 522 66 617 143
 369 107 465 167
 533 240 619 324
 481 251 559 346
 499 287 563 373
 511 288 572 375
 505 283 573 366
 469 264 543 351
 454 243 527 330
 447 240 526 312
 429 234 519 307
 408 178 500 234
 375 92 459 152
 474 205 561 259
 486 215 555 262
 429 225 503 275
 281 203 357 254
 261 177 346 240
 384 156 465 213
 400 121 489 177
 294 71 381 145
 352 102 438 162
 445 116 534 189
 372 93 465 152
 309 118 397 176
 294 94 379 163
 416 123 500 188
 353 101 434 155
 226 70 313 152
 350 135 430 191
 417 121 497 186
 264 145 344 206
 191 99 273 161
 267 110 342 159
 304 100 403 167
 331 86 406 137
 349 82 428 140
 362 91 440 167
 390 89 464 170
 426 129 484 213
 427 222 490 308
 433 253 502 334
 443 258 524 345
 411 283 498 359
 330 341 416 397
 251 119 341 195
 381 313 468 371
 324 303 408 367
 316 273 415 370
 281 242 380 335
 279 192 365 283
 279 121 356 207
 281 112 363 200
 278 97 365 186
 273 107 363 190
 262 129 346 208
 227 148 323 231
 293 158 384 237
 324 160 403 246
 349 164 433 247
 352 178 444 265
 365 180 456 269
 378 180 471 263
 390 137 484 208
 392 114 482 179
 394 110 480 172
 416 132 497 189
 235 183 311 278
 408 164 483 210
 449 189 519 237
 451 190 525 239
 500 194 577 257
 546 197 626 267

 539 181 620 253
 473 189 542 240
 409 186 478 228

